0 56.0892 81.5659 43.1856 53.6004 12.0416 25.02 70.6612 45.1221 32.7567 16.1245 7.2111 71.5891 28.6007 41 72.45 71.3442 31.0644 79.404 32.0156 52.9245 70.342 79.0253 23.7065 70.0928 65.192 49.4975 64.0703 60.8769 35.2278 26.8701 85.703 33.0606 16.1245 30.8058 17.0294 
56.0892 0 42.5793 13.8924 39.4081 64.0703 80.895 56.8595 72.8972 41.6293 69.0652 49.4975 21.4709 78.2304 70.2638 19.105 24.0832 40.3113 37.108 80.5047 51.6624 92.6175 38.6394 76 68.5055 59.3633 31.241 78.5684 31.6228 40.4599 74.4312 53.0377 61.0983 40.025 74.3303 66.0303 
81.5659 42.5793 0 52.5547 31.6228 84.0595 102.396 31.6228 72.5603 51.4781 88.3233 74.411 23.1948 92.3093 72.1803 28.6356 60.6712 78.7147 6.32456 93.0484 42.19 81.3941 4 93.0215 47.4342 39.8121 32.45 65.9242 20.8087 80.1124 87.8465 12.083 67.0522 68.6804 84.7585 83.2406 
43.1856 13.8924 52.5547 0 40.5216 52.1536 68.1836 60.0167 66.4003 35.3836 57.1402 37 34.0588 67.2681 63.2456 32.6497 30.0832 27.0185 47.8539 69.857 50.5371 88.4138 48.8467 64.3817 69.0797 60.407 32.0156 75.6042 37.054 27.7849 63.7887 61.6117 53.535 27.074 64.5136 54.7449 
53.6004 39.4081 31.6228 40.5216 0 53.9073 72.0069 20 42.0119 21.2132 57.8014 46.8722 35.4683 60.8358 41.1096 40.2492 63.4114 60.2993 32.249 61.4654 13.4164 55.9017 30.5941 61.9112 29.1548 20.1246 8.544 40.8167 13.1529 63.0714 56.3649 32.6497 35.4401 44.0114 53.1413 52.4309 
12.0416 64.0703 84.0595 52.1536 53.9073 0 18.3576 68.6003 36.0139 32.8024 5 15.5242 77.201 16.6433 32 78.8543 81.3941 43.0116 82.7647 20 50.2195 60.6712 81.9878 12.3693 65.3911 61.9112 51.6236 56.3205 63.2851 47.2017 14.8661 86.5563 25.9615 25.7099 19.2354 5.38516 
25.02 80.895 102.396 68.1836 72.0069 18.3576 0 85.703 47.4342 51.0392 14.2127 31.4006 95.1893 18.1108 44.0114 96.566 96.1873 53.4509 101.119 21 67.2681 69.3542 100.344 12.6491 80.7775 78.4092 69.9714 68.6222 81.6333 57.2451 20.8806 104.637 41.0488 41.1096 26.9258 19.799 
70.6612 56.8595 31.6228 60.0167 20 68.6003 85.703 0 46.0977 38.0789 71.7008 64.4748 46.669 71.7008 47.0106 52.345 80.1311 80.2247 35.7771 71.4003 18.4391 50.2494 33.1059 74.2496 15.8114 9.21954 28.1603 35.0143 25.5539 83.0542 67.3573 25.02 45.3431 63.0635 62.8013 65.9469 
45.1221 72.8972 72.5603 66.4003 42.0119 36.0139 47.4342 46.0977 0 31.3847 36.2215 43.0813 76.2955 29.9666 4.12311 80.2808 95.7183 70.8308 74.0608 28.3019 30.4138 25.2982 72.1734 34.7851 36.1248 37.1214 45.8912 21.1896 55.0818 74.9466 26.5707 69.9214 13.6015 49.3964 20.6155 31.0161 
32.7567 41.6293 51.4781 35.3836 21.2132 32.8024 51.0392 38.0789 31.3847 0 36.8917 26.4008 48.0416 41.4849 28.6356 51.0882 64.3506 45.8912 50.6952 42.7551 21.2132 53.1507 49.6588 41.6293 40 33.541 19.3132 41.1825 30.8707 49.4773 37.108 53.8145 19.6469 26.0192 35.1283 31.7648 
16.1245 69.0652 88.3233 57.1402 57.8014 5 14.2127 71.7008 36.2215 36.8917 0 20.3961 82.0061 12.7279 32.3883 83.7437 86.3134 47.1699 87.2066 16.2788 53.2635 60.1332 86.3539 7.61577 67.5352 64.6375 55.9464 57.0701 67.6018 51.3128 12.083 90.4268 27.7308 30.5941 17.4642 5.83095 
7.2111 49.4975 74.411 37 46.8722 15.5242 31.4006 64.4748 43.0813 26.4008 20.3961 0 64.4748 31.7805 39 65.4599 65.9242 29 72.2011 34.8855 47.1275 68.352 71.8401 27.8927 64.9384 59.4811 42.45 60.6712 53.7587 33.2415 29.1548 78.7464 30.0832 10.198 31.8904 19.2354 
71.5891 21.4709 23.1948 34.0588 35.4683 77.201 95.1893 46.669 76.2955 48.0416 82.0061 64.4748 0 88.955 74.6726 5.83095 37.4833 61.0737 17.0294 90.5538 48.8467 91.2853 19.2354 88.0738 61.2209 52.2015 30.4138 76.0263 22.8254 61.6117 84.7172 34.9285 67.0671 56.4358 83.1505 77.8781 
28.6007 78.2304 92.3093 67.2681 60.8358 16.6433 18.1108 71.7008 29.9666 41.4849 12.7279 31.7805 88.955 0 26.9258 91.351 97.0155 59.6406 92.0272 3.60555 53.6004 51.2445 90.824 6.32456 64.8151 63.6553 60.7289 51.0784 72.111 63.8201 4.47214 92.7847 26.4008 41.7852 9.43398 12.6491 
41 70.2638 72.1803 63.2456 41.1096 32 44.0114 47.0106 4.12311 28.6356 32.3883 39 74.6726 26.9258 0 78.4474 92.7847 66.888 73.3348 25.6125 30.3645 29.4109 71.5681 31.3847 38.2099 38.2753 44.2832 24.7386 54.0093 71.0211 23.2594 70.2282 9.8995 45.4863 17.4929 27.074 
72.45 19.105 28.6356 32.6497 40.2492 78.8543 96.566 52.345 80.2808 51.0882 83.7437 65.4599 5.83095 91.351 78.4474 0 32.1403 59.397 22.3607 93.1343 53.6656 96.1509 24.7386 90.0944 66.7083 57.6281 34.4819 81.0062 28.0179 59.5483 87.2066 40.5216 70.4557 56.8595 86 79.9062 
71.3442 24.0832 60.6712 30.0832 63.4114 81.3941 96.1873 80.1311 95.7183 64.3506 86.3134 65.9242 37.4833 97.0155 92.7847 32.1403 0 46.0977 54.4518 99.7246 75.743 116.387 56.7186 93.7443 92.4175 83.2346 55.3173 102.552 54.5894 43.9659 93.6803 72.3671 83.2406 55.7315 94.578 84.4038 
31.0644 40.3113 78.7147 27.0185 60.2993 43.0116 53.4509 80.2247 70.8308 45.8912 47.1699 29 61.0737 59.6406 66.888 59.397 46.0977 0 74.4312 63.0079 66.2722 95.7131 75.1798 54.7083 85.4751 78.0577 52.7731 86.0349 61.0328 4.24264 57.6281 86.7295 57.3062 21.4709 60.8276 47.634 
79.404 37.108 6.32456 47.8539 32.249 82.7647 101.119 35.7771 74.0608 50.6952 87.2066 72.2011 17.0294 92.0272 73.3348 22.3607 54.4518 74.4312 0 93.0054 44.0454 84.6463 2.82843 92.3093 51.4781 43.3244 31.3847 69.1231 19.9249 75.591 87.5957 18.3848 67.4685 65.7951 84.8999 82.3468 
32.0156 80.5047 93.0484 69.857 61.4654 20 21 71.4003 28.3019 42.7551 16.2788 34.8855 90.5538 3.60555 25.6125 93.1343 99.7246 63.0079 93.0054 0 53.535 48.5077 91.7061 9.84886 63.7809 63.1269 61.8466 49.1935 73.0821 67.2012 6.08276 93.0591 26.4197 44.7772 8.60233 15.6525 
52.9245 51.6624 42.19 50.5371 13.4164 50.2195 67.2681 18.4391 30.4138 21.2132 53.2635 47.1275 48.8467 53.6004 30.3645 53.6656 75.743 66.2722 44.0454 53.535 0 42.4853 42 55.9017 19.2354 12.3693 20.5183 27.4591 26.2488 69.5845 49.2037 39.9249 27.2029 47.1699 44.9444 47.5079 
70.342 92.6175 81.3941 88.4138 55.9017 60.6712 69.3542 50.2494 25.2982 53.1507 60.1332 68.352 91.2853 51.2445 29.4109 96.1509 116.387 95.7131 84.6463 48.5077 42.4853 0 82.2253 57.0789 35 41.5933 62.434 15.5242 68.542 99.7647 49.0102 75.1066 38.4838 74.2428 43 55.4437 
79.0253 38.6394 4 48.8467 30.5941 81.9878 100.344 33.1059 72.1734 49.6588 86.3539 71.8401 19.2354 90.824 71.5681 24.7386 56.7186 75.1798 2.82843 91.7061 42 82.2253 0 91.2853 48.8467 40.8044 30.4138 66.7083 18.7883 76.4853 86.3771 15.8114 65.9697 65.7647 83.5225 81.3941 
23.7065 76 93.0215 64.3817 61.9112 12.3693 12.6491 74.2496 34.7851 41.6293 7.61577 27.8927 88.0738 6.32456 31.3847 90.0944 93.7443 54.7083 92.3093 9.84886 55.9017 57.0789 91.2853 0 68.5055 66.6033 60.9262 55.9732 72.4983 58.8303 8.24621 94.3027 29.0689 38.0789 14.3178 10.198 
70.0928 68.5055 47.4342 69.0797 29.1548 65.3911 80.7775 15.8114 36.1248 40 67.5352 64.9384 61.2209 64.8151 38.2099 66.7083 92.4175 85.4751 51.4781 63.7809 19.2354 35 48.8467 68.5055 0 9.21954 37.5899 20.3961 38.8973 88.8144 60.803 40.1995 39.8246 66.0076 55.4437 61.7171 
65.192 59.3633 39.8121 60.407 20.1246 61.9112 78.4092 9.21954 37.1214 33.541 64.6375 59.4811 52.2015 63.6553 38.2753 57.6281 83.2346 78.0577 43.3244 63.1269 12.3693 41.5933 40.8044 66.6033 9.21954 0 28.6356 26.1725 29.7321 81.2219 59.397 34.1321 37.5366 59.4138 54.5619 58.8218 
49.4975 31.241 32.45 32.0156 8.544 51.6236 69.9714 28.1603 45.8912 19.3132 55.9464 42.45 30.4138 60.7289 44.2832 34.4819 55.3173 52.7731 31.3847 61.8466 20.5183 62.434 30.4138 60.9262 37.5899 28.6356 0 47.8017 11.6619 55.3263 56.3205 36.4006 37.054 38.0789 53.9351 50.9902 
64.0703 78.5684 65.9242 75.6042 40.8167 56.3205 68.6222 35.0143 21.1896 41.1825 57.0701 60.6712 76.0263 51.0784 24.7386 81.0062 102.552 86.0349 69.1231 49.1935 27.4591 15.5242 66.7083 55.9732 20.3961 26.1725 47.8017 0 53.2259 89.8888 47.7598 60 31.0161 64.846 41.7852 51.6236 
60.8769 31.6228 20.8087 37.054 13.1529 63.2851 81.6333 25.5539 55.0818 30.8707 67.6018 53.7587 22.8254 72.111 54.0093 28.0179 54.5894 61.0328 19.9249 73.0821 26.2488 68.542 18.7883 72.4983 38.8973 29.7321 11.6619 53.2259 0 63.0635 67.6757 25.9422 47.676 48.6004 65 62.6099 
35.2278 40.4599 80.1124 27.7849 63.0714 47.2017 57.2451 83.0542 74.9466 49.4773 51.3128 33.2415 61.6117 63.8201 71.0211 59.5483 43.9659 4.24264 75.591 67.2012 69.5845 99.7647 76.4853 58.8303 88.8144 81.2219 55.3263 89.8888 63.0635 0 61.8466 88.5438 61.4003 25.5539 65.0692 51.8556 
26.8701 74.4312 87.8465 63.7887 56.3649 14.8661 20.8806 67.3573 26.5707 37.108 12.083 29.1548 84.7172 4.47214 23.2594 87.2066 93.6803 57.6281 87.5957 6.08276 49.2037 49.0102 86.3771 8.24621 60.803 59.397 56.3205 47.7598 67.6757 61.8466 0 88.3233 22.0227 38.9102 6.08276 10 
85.703 53.0377 12.083 61.6117 32.6497 86.5563 104.637 25.02 69.9214 53.8145 90.4268 78.7464 34.9285 92.7847 70.2282 40.5216 72.3671 86.7295 18.3848 93.0591 39.9249 75.1066 15.8114 94.3027 40.1995 34.1321 36.4006 60 25.9422 88.5438 88.3233 0 66.6483 74.3303 84.534 85 
33.0606 61.0983 67.0522 53.535 35.4401 25.9615 41.0488 45.3431 13.6015 19.6469 27.7308 30.0832 67.0671 26.4008 9.8995 70.4557 83.2406 57.3062 67.4685 26.4197 27.2029 38.4838 65.9697 29.0689 39.8246 37.5366 37.054 31.0161 47.676 61.4003 22.0227 66.6483 0 35.8469 17.8885 21.9317 
16.1245 40.025 68.6804 27.074 44.0114 25.7099 41.1096 63.0635 49.3964 26.0192 30.5941 10.198 56.4358 41.7852 45.4863 56.8595 55.7315 21.4709 65.7951 44.7772 47.1699 74.2428 65.7647 38.0789 66.0076 59.4138 38.0789 64.846 48.6004 25.5539 38.9102 74.3303 35.8469 0 41.0488 29.1548 
30.8058 74.3303 84.7585 64.5136 53.1413 19.2354 26.9258 62.8013 20.6155 35.1283 17.4642 31.8904 83.1505 9.43398 17.4929 86 94.578 60.8276 84.8999 8.60233 44.9444 43 83.5225 14.3178 55.4437 54.5619 53.9351 41.7852 65 65.0692 6.08276 84.534 17.8885 41.0488 0 13.8924 
17.0294 66.0303 83.2406 54.7449 52.4309 5.38516 19.799 65.9469 31.0161 31.7648 5.83095 19.2354 77.8781 12.6491 27.074 79.9062 84.4038 47.634 82.3468 15.6525 47.5079 55.4437 81.3941 10.198 61.7171 58.8218 50.9902 51.6236 62.6099 51.8556 10 85 21.9317 29.1548 13.8924 0 